63
102
124
139
149
245
272
285
338
398
403
503
518
547
558
559
561
651
655
707
714
727
737
738
868
869
877
880
946
1037
1041
1203
1211
1230
1263
1378
1422
1430
1460
1499
1508
1509
1511
1515
1555
1582
1585
1596
1615
1703
1716
1725
1729
1737
1766
1774
1834
1845
1873
1882
1886
1896
1927
1944
1971
2001
2004
2029
2035
2106
2136
2176
2183
2192
2197
2203
2234
2315
2358
2473
2526
2546
2553
2613
2651
2653
2694
2712
2751
2773
2835
2894
2906
3021
3033
3086
3114
3130
3153
3181
3191
3286
3321
3398
3410
3470
3546
3558
3565
3621
3642
3657
3670
3680
3682
3693
3697
3700
3710
3743
3788
3810
3827
3833
3840
3855
3859
3863
3896
4082
4117
4223
4226
4252
4258
4340
4411
4427
4452
4460
4463
4467
4490
4516
4519
4548
4565
4598
4608
4623
4637
4673
4677
4796
4830
4894
4898
4913
4943
4963
4998
5025
5041
5045
5048
5064
5081
5157
5205
5272
5337
5362
5383
5493
5506
5512
5573
5601
5657
5689
5718
5766
5849
5851
5862
5871
5891
5894
5906
5908
5940
5941
5962
5992
6031
6137
6162
6171
6283
6306
6477
6491
6549
6576
6593
6605
6667
6670
6698
6741
6759
6781
6843
6912
7067
7075
7095
7141
7152
7160
7183
7210
7228
7237
7239
7339
7348
7355
7373
7384
7410
7423
7455
7477
7536
7554
7566
7571
7576
7616
7696
7706
7711
7726
7727
7743
7759
7783
7801
7813
7829
7837
7859
7862
7881
7902
7913
7918
7931
8002
8056
8092
8113
8117
8145
8196
8204
8227
8233
8276
8284
8291
8318
8350
8377
8386
8394
8440
8452
8501
8578
8608
8659
8688
8760
8803
8842
8847
8859
8923
9012
9018
9025
9040
9099
9157
9178
9218
9278
9306
9311
9317
9363
9410
9445
9462
9487
9501
9521
9522
9555
9578
9601
9628
9636
9716
9738
9750
9802
9818
9830
9894
10004
10022
10027
10080
10120
10149
10164
10169
10243
10254
10282
10331
10374
10427
10434
10474
10479
10480
10482
10497
10510
10614
10624
10630
10634
10642
10657
10669
10723
10732
10752
10756
10761
10801
10834
10844
10854
10882
10888
11006
11036
11044
11046
11081
11247
11255
11259
11334
11340
11360
11456
11467
11472
11544
11545
11546
11557
11608
11613
11615
11625
11627
11657
11715
11758
11781
11794
11800
11820
11847
11875
11936
11937
11961
11962
11981
12061
12105
12139
12170
12254
12282
12283
12288
12294
12372
12382
12385
12399
12412
12428
12439
12472
12483
12491
12517
12555
12569
12602
12607
12635
12666
12714
12788
12811
12833
12838
12869
12880
12898
12901
12907
12912
12942
12983
13033
13037
13041
13126
13140
13158
13172
13173
13225
13269
13344
13395
13444
13447
13460
13468
13477
13484
13491
13508
13521
13551
13577
13599
13608
13620
13727
13792
13799
13897
13927
13950
14083
14121
14188
14205
14256
14296
14378
14415
14503
14510
14530
14634
14666
14687
14729
14753
14795
14813
14820
14837
14847
14867
14875
14883
14898
14954
15072
15115
15119
15129
15131
15146
15149
15190
15228
15255
15355
15370
15395
15443
15454
15484
15493
15504
15537
15540
15568
15589
15648
15654
15676
15678
15683
15709
15743
15908
15960
15972
16145
16165
16188
16204
16244
16275
16371
16400
16434
16473
16567
16638
16643
16655
16703
16783
16796
16801
16847
16848
16854
16917
16953
16976
17013
17091
17116
17141
17143
17287
17369
17386
17440
17454
17483
17621
17641
17678
17733
17734
17750
17772
17793
17816
17930
17989
17992
18018
18039
18148
18214
18276
18282
18312
18317
18321
18337
18377
18437
18443
18486
